
Please type here the value of n : 4
Number of bases for Z2^4 over Z2 is: 20160
The vectors of each basis are:
(1, 0, 0, 0), (0, 1, 0, 0), (0, 0, 1, 0), (0, 0, 0, 1)
(1, 0, 0, 0), (0, 1, 0, 0), (0, 0, 1, 0), (1, 0, 0, 1)
(1, 0, 0, 0), (0, 1, 0, 0), (0, 0, 1, 0), (0, 1, 0, 1)
(1, 0, 0, 0), (0, 1, 0, 0), (0, 0, 1, 0), (1, 1, 0, 1)
(1, 0, 0, 0), (0, 1, 0, 0), (0, 0, 1, 0), (0, 0, 1, 1)
(1, 0, 0, 0), (0, 1, 0, 0), (0, 0, 1, 0), (1, 0, 1, 1)
(1, 0, 0, 0), (0, 1, 0, 0), (0, 0, 1, 0), (0, 1, 1, 1)
(1, 0, 0, 0), (0, 1, 0, 0), (0, 0, 1, 0), (1, 1, 1, 1)
(1, 0, 0, 0), (0, 1, 0, 0), (1, 0, 1, 0), (0, 0, 0, 1)
(1, 0, 0, 0), (0, 1, 0, 0), (1, 0, 1, 0), (1, 0, 0, 1)
(1, 0, 0, 0), (0, 1, 0, 0), (1, 0, 1, 0), (0, 1, 0, 1)
(1, 0, 0, 0), (0, 1, 0, 0), (1, 0, 1, 0), (1, 1, 0, 1)
(1, 0, 0, 0), (0, 1, 0, 0), (1, 0, 1, 0), (0, 0, 1, 1)
(1, 0, 0, 0), (0, 1, 0, 0), (1, 0, 1, 0), (1, 0, 1, 1)
(1, 0, 0, 0), (0, 1, 0, 0), (1, 0, 1, 0), (0, 1, 1, 1)
(1, 0, 0, 0), (0, 1, 0, 0), (1, 0, 1, 0), (1, 1, 1, 1)
(1, 0, 0, 0), (0, 1, 0, 0), (0, 1, 1, 0), (0, 0, 0, 1)
(1, 0, 0, 0), (0, 1, 0, 0), (0, 1, 1, 0), (1, 0, 0, 1)
(1, 0, 0, 0), (0, 1, 0, 0), (0, 1, 1, 0), (0, 1, 0, 1)
(1, 0, 0, 0), (0, 1, 0, 0), (0, 1, 1, 0), (1, 1, 0, 1)
(1, 0, 0, 0), (0, 1, 0, 0), (0, 1, 1, 0), (0, 0, 1, 1)
(1, 0, 0, 0), (0, 1, 0, 0), (0, 1, 1, 0), (1, 0, 1, 1)
(1, 0, 0, 0), (0, 1, 0, 0), (0, 1, 1, 0), (0, 1, 1, 1)
(1, 0, 0, 0), (0, 1, 0, 0), (0, 1, 1, 0), (1, 1, 1, 1)
(1, 0, 0, 0), (0, 1, 0, 0), (1, 1, 1, 0), (0, 0, 0, 1)
(1, 0, 0, 0), (0, 1, 0, 0), (1, 1, 1, 0), (1, 0, 0, 1)
(1, 0, 0, 0), (0, 1, 0, 0), (1, 1, 1, 0), (0, 1, 0, 1)
(1, 0, 0, 0), (0, 1, 0, 0), (1, 1, 1, 0), (1, 1, 0, 1)
(1, 0, 0, 0), (0, 1, 0, 0), (1, 1, 1, 0), (0, 0, 1, 1)
(1, 0, 0, 0), (0, 1, 0, 0), (1, 1, 1, 0), (1, 0, 1, 1)
(1, 0, 0, 0), (0, 1, 0, 0), (1, 1, 1, 0), (0, 1, 1, 1)
(1, 0, 0, 0), (0, 1, 0, 0), (1, 1, 1, 0), (1, 1, 1, 1)
(1, 0, 0, 0), (0, 1, 0, 0), (0, 0, 0, 1), (0, 0, 1, 1)
(1, 0, 0, 0), (0, 1, 0, 0), (0, 0, 0, 1), (1, 0, 1, 1)
(1, 0, 0, 0), (0, 1, 0, 0), (0, 0, 0, 1), (0, 1, 1, 1)
(1, 0, 0, 0), (0, 1, 0, 0), (0, 0, 0, 1), (1, 1, 1, 1)
(1, 0, 0, 0), (0, 1, 0, 0), (1, 0, 0, 1), (0, 0, 1, 1)
(1, 0, 0, 0), (0, 1, 0, 0), (1, 0, 0, 1), (1, 0, 1, 1)
(1, 0, 0, 0), (0, 1, 0, 0), (1, 0, 0, 1), (0, 1, 1, 1)
(1, 0, 0, 0), (0, 1, 0, 0), (1, 0, 0, 1), (1, 1, 1, 1)
(1, 0, 0, 0), (0, 1, 0, 0), (0, 1, 0, 1), (0, 0, 1, 1)
(1, 0, 0, 0), (0, 1, 0, 0), (0, 1, 0, 1), (1, 0, 1, 1)
(1, 0, 0, 0), (0, 1, 0, 0), (0, 1, 0, 1), (0, 1, 1, 1)
(1, 0, 0, 0), (0, 1, 0, 0), (0, 1, 0, 1), (1, 1, 1, 1)
(1, 0, 0, 0), (0, 1, 0, 0), (1, 1, 0, 1), (0, 0, 1, 1)
(1, 0, 0, 0), (0, 1, 0, 0), (1, 1, 0, 1), (1, 0, 1, 1)
(1, 0, 0, 0), (0, 1, 0, 0), (1, 1, 0, 1), (0, 1, 1, 1)
(1, 0, 0, 0), (0, 1, 0, 0), (1, 1, 0, 1), (1, 1, 1, 1)
(1, 0, 0, 0), (1, 1, 0, 0), (0, 0, 1, 0), (0, 0, 0, 1)
(1, 0, 0, 0), (1, 1, 0, 0), (0, 0, 1, 0), (1, 0, 0, 1)
(1, 0, 0, 0), (1, 1, 0, 0), (0, 0, 1, 0), (0, 1, 0, 1)
(1, 0, 0, 0), (1, 1, 0, 0), (0, 0, 1, 0), (1, 1, 0, 1)
(1, 0, 0, 0), (1, 1, 0, 0), (0, 0, 1, 0), (0, 0, 1, 1)
(1, 0, 0, 0), (1, 1, 0, 0), (0, 0, 1, 0), (1, 0, 1, 1)
(1, 0, 0, 0), (1, 1, 0, 0), (0, 0, 1, 0), (0, 1, 1, 1)
(1, 0, 0, 0), (1, 1, 0, 0), (0, 0, 1, 0), (1, 1, 1, 1)
(1, 0, 0, 0), (1, 1, 0, 0), (1, 0, 1, 0), (0, 0, 0, 1)
(1, 0, 0, 0), (1, 1, 0, 0), (1, 0, 1, 0), (1, 0, 0, 1)
(1, 0, 0, 0), (1, 1, 0, 0), (1, 0, 1, 0), (0, 1, 0, 1)
(1, 0, 0, 0), (1, 1, 0, 0), (1, 0, 1, 0), (1, 1, 0, 1)
(1, 0, 0, 0), (1, 1, 0, 0), (1, 0, 1, 0), (0, 0, 1, 1)
(1, 0, 0, 0), (1, 1, 0, 0), (1, 0, 1, 0), (1, 0, 1, 1)
(1, 0, 0, 0), (1, 1, 0, 0), (1, 0, 1, 0), (0, 1, 1, 1)
(1, 0, 0, 0), (1, 1, 0, 0), (1, 0, 1, 0), (1, 1, 1, 1)
(1, 0, 0, 0), (1, 1, 0, 0), (0, 1, 1, 0), (0, 0, 0, 1)
(1, 0, 0, 0), (1, 1, 0, 0), (0, 1, 1, 0), (1, 0, 0, 1)
(1, 0, 0, 0), (1, 1, 0, 0), (0, 1, 1, 0), (0, 1, 0, 1)
(1, 0, 0, 0), (1, 1, 0, 0), (0, 1, 1, 0), (1, 1, 0, 1)
(1, 0, 0, 0), (1, 1, 0, 0), (0, 1, 1, 0), (0, 0, 1, 1)
(1, 0, 0, 0), (1, 1, 0, 0), (0, 1, 1, 0), (1, 0, 1, 1)
(1, 0, 0, 0), (1, 1, 0, 0), (0, 1, 1, 0), (0, 1, 1, 1)
(1, 0, 0, 0), (1, 1, 0, 0), (0, 1, 1, 0), (1, 1, 1, 1)
(1, 0, 0, 0), (1, 1, 0, 0), (1, 1, 1, 0), (0, 0, 0, 1)
(1, 0, 0, 0), (1, 1, 0, 0), (1, 1, 1, 0), (1, 0, 0, 1)
(1, 0, 0, 0), (1, 1, 0, 0), (1, 1, 1, 0), (0, 1, 0, 1)
(1, 0, 0, 0), (1, 1, 0, 0), (1, 1, 1, 0), (1, 1, 0, 1)
(1, 0, 0, 0), (1, 1, 0, 0), (1, 1, 1, 0), (0, 0, 1, 1)
(1, 0, 0, 0), (1, 1, 0, 0), (1, 1, 1, 0), (1, 0, 1, 1)
(1, 0, 0, 0), (1, 1, 0, 0), (1, 1, 1, 0), (0, 1, 1, 1)
(1, 0, 0, 0), (1, 1, 0, 0), (1, 1, 1, 0), (1, 1, 1, 1)
(1, 0, 0, 0), (1, 1, 0, 0), (0, 0, 0, 1), (0, 0, 1, 1)
(1, 0, 0, 0), (1, 1, 0, 0), (0, 0, 0, 1), (1, 0, 1, 1)
(1, 0, 0, 0), (1, 1, 0, 0), (0, 0, 0, 1), (0, 1, 1, 1)
(1, 0, 0, 0), (1, 1, 0, 0), (0, 0, 0, 1), (1, 1, 1, 1)
(1, 0, 0, 0), (1, 1, 0, 0), (1, 0, 0, 1), (0, 0, 1, 1)
(1, 0, 0, 0), (1, 1, 0, 0), (1, 0, 0, 1), (1, 0, 1, 1)
(1, 0, 0, 0), (1, 1, 0, 0), (1, 0, 0, 1), (0, 1, 1, 1)
(1, 0, 0, 0), (1, 1, 0, 0), (1, 0, 0, 1), (1, 1, 1, 1)
(1, 0, 0, 0), (1, 1, 0, 0), (0, 1, 0, 1), (0, 0, 1, 1)
(1, 0, 0, 0), (1, 1, 0, 0), (0, 1, 0, 1), (1, 0, 1, 1)
(1, 0, 0, 0), (1, 1, 0, 0), (0, 1, 0, 1), (0, 1, 1, 1)
(1, 0, 0, 0), (1, 1, 0, 0), (0, 1, 0, 1), (1, 1, 1, 1)
(1, 0, 0, 0), (1, 1, 0, 0), (1, 1, 0, 1), (0, 0, 1, 1)
(1, 0, 0, 0), (1, 1, 0, 0), (1, 1, 0, 1), (1, 0, 1, 1)
(1, 0, 0, 0), (1, 1, 0, 0), (1, 1, 0, 1), (0, 1, 1, 1)
(1, 0, 0, 0), (1, 1, 0, 0), (1, 1, 0, 1), (1, 1, 1, 1)
(1, 0, 0, 0), (0, 0, 1, 0), (0, 1, 1, 0), (0, 0, 0, 1)
(1, 0, 0, 0), (0, 0, 1, 0), (0, 1, 1, 0), (1, 0, 0, 1)
(1, 0, 0, 0), (0, 0, 1, 0), (0, 1, 1, 0), (0, 1, 0, 1)
(1, 0, 0, 0), (0, 0, 1, 0), (0, 1, 1, 0), (1, 1, 0, 1)
(1, 0, 0, 0), (0, 0, 1, 0), (0, 1, 1, 0), (0, 0, 1, 1)
(1, 0, 0, 0), (0, 0, 1, 0), (0, 1, 1, 0), (1, 0, 1, 1)
(1, 0, 0, 0), (0, 0, 1, 0), (0, 1, 1, 0), (0, 1, 1, 1)
(1, 0, 0, 0), (0, 0, 1, 0), (0, 1, 1, 0), (1, 1, 1, 1)
(1, 0, 0, 0), (0, 0, 1, 0), (1, 1, 1, 0), (0, 0, 0, 1)
(1, 0, 0, 0), (0, 0, 1, 0), (1, 1, 1, 0), (1, 0, 0, 1)
(1, 0, 0, 0), (0, 0, 1, 0), (1, 1, 1, 0), (0, 1, 0, 1)
(1, 0, 0, 0), (0, 0, 1, 0), (1, 1, 1, 0), (1, 1, 0, 1)
(1, 0, 0, 0), (0, 0, 1, 0), (1, 1, 1, 0), (0, 0, 1, 1)
(1, 0, 0, 0), (0, 0, 1, 0), (1, 1, 1, 0), (1, 0, 1, 1)
(1, 0, 0, 0), (0, 0, 1, 0), (1, 1, 1, 0), (0, 1, 1, 1)
(1, 0, 0, 0), (0, 0, 1, 0), (1, 1, 1, 0), (1, 1, 1, 1)
(1, 0, 0, 0), (0, 0, 1, 0), (0, 0, 0, 1), (0, 1, 0, 1)
(1, 0, 0, 0), (0, 0, 1, 0), (0, 0, 0, 1), (1, 1, 0, 1)
(1, 0, 0, 0), (0, 0, 1, 0), (0, 0, 0, 1), (0, 1, 1, 1)
(1, 0, 0, 0), (0, 0, 1, 0), (0, 0, 0, 1), (1, 1, 1, 1)
(1, 0, 0, 0), (0, 0, 1, 0), (1, 0, 0, 1), (0, 1, 0, 1)
(1, 0, 0, 0), (0, 0, 1, 0), (1, 0, 0, 1), (1, 1, 0, 1)
(1, 0, 0, 0), (0, 0, 1, 0), (1, 0, 0, 1), (0, 1, 1, 1)
(1, 0, 0, 0), (0, 0, 1, 0), (1, 0, 0, 1), (1, 1, 1, 1)
(1, 0, 0, 0), (0, 0, 1, 0), (0, 1, 0, 1), (0, 0, 1, 1)
(1, 0, 0, 0), (0, 0, 1, 0), (0, 1, 0, 1), (1, 0, 1, 1)
(1, 0, 0, 0), (0, 0, 1, 0), (1, 1, 0, 1), (0, 0, 1, 1)
(1, 0, 0, 0), (0, 0, 1, 0), (1, 1, 0, 1), (1, 0, 1, 1)
(1, 0, 0, 0), (0, 0, 1, 0), (0, 0, 1, 1), (0, 1, 1, 1)
(1, 0, 0, 0), (0, 0, 1, 0), (0, 0, 1, 1), (1, 1, 1, 1)
(1, 0, 0, 0), (0, 0, 1, 0), (1, 0, 1, 1), (0, 1, 1, 1)
(1, 0, 0, 0), (0, 0, 1, 0), (1, 0, 1, 1), (1, 1, 1, 1)
(1, 0, 0, 0), (1, 0, 1, 0), (0, 1, 1, 0), (0, 0, 0, 1)
(1, 0, 0, 0), (1, 0, 1, 0), (0, 1, 1, 0), (1, 0, 0, 1)
(1, 0, 0, 0), (1, 0, 1, 0), (0, 1, 1, 0), (0, 1, 0, 1)
(1, 0, 0, 0), (1, 0, 1, 0), (0, 1, 1, 0), (1, 1, 0, 1)
(1, 0, 0, 0), (1, 0, 1, 0), (0, 1, 1, 0), (0, 0, 1, 1)
(1, 0, 0, 0), (1, 0, 1, 0), (0, 1, 1, 0), (1, 0, 1, 1)
(1, 0, 0, 0), (1, 0, 1, 0), (0, 1, 1, 0), (0, 1, 1, 1)
(1, 0, 0, 0), (1, 0, 1, 0), (0, 1, 1, 0), (1, 1, 1, 1)
(1, 0, 0, 0), (1, 0, 1, 0), (1, 1, 1, 0), (0, 0, 0, 1)
(1, 0, 0, 0), (1, 0, 1, 0), (1, 1, 1, 0), (1, 0, 0, 1)
(1, 0, 0, 0), (1, 0, 1, 0), (1, 1, 1, 0), (0, 1, 0, 1)
(1, 0, 0, 0), (1, 0, 1, 0), (1, 1, 1, 0), (1, 1, 0, 1)
(1, 0, 0, 0), (1, 0, 1, 0), (1, 1, 1, 0), (0, 0, 1, 1)
(1, 0, 0, 0), (1, 0, 1, 0), (1, 1, 1, 0), (1, 0, 1, 1)
(1, 0, 0, 0), (1, 0, 1, 0), (1, 1, 1, 0), (0, 1, 1, 1)
(1, 0, 0, 0), (1, 0, 1, 0), (1, 1, 1, 0), (1, 1, 1, 1)
(1, 0, 0, 0), (1, 0, 1, 0), (0, 0, 0, 1), (0, 1, 0, 1)
(1, 0, 0, 0), (1, 0, 1, 0), (0, 0, 0, 1), (1, 1, 0, 1)
(1, 0, 0, 0), (1, 0, 1, 0), (0, 0, 0, 1), (0, 1, 1, 1)
(1, 0, 0, 0), (1, 0, 1, 0), (0, 0, 0, 1), (1, 1, 1, 1)
(1, 0, 0, 0), (1, 0, 1, 0), (1, 0, 0, 1), (0, 1, 0, 1)
(1, 0, 0, 0), (1, 0, 1, 0), (1, 0, 0, 1), (1, 1, 0, 1)
(1, 0, 0, 0), (1, 0, 1, 0), (1, 0, 0, 1), (0, 1, 1, 1)
(1, 0, 0, 0), (1, 0, 1, 0), (1, 0, 0, 1), (1, 1, 1, 1)
(1, 0, 0, 0), (1, 0, 1, 0), (0, 1, 0, 1), (0, 0, 1, 1)
(1, 0, 0, 0), (1, 0, 1, 0), (0, 1, 0, 1), (1, 0, 1, 1)
(1, 0, 0, 0), (1, 0, 1, 0), (1, 1, 0, 1), (0, 0, 1, 1)
(1, 0, 0, 0), (1, 0, 1, 0), (1, 1, 0, 1), (1, 0, 1, 1)
(1, 0, 0, 0), (1, 0, 1, 0), (0, 0, 1, 1), (0, 1, 1, 1)
(1, 0, 0, 0), (1, 0, 1, 0), (0, 0, 1, 1), (1, 1, 1, 1)
(1, 0, 0, 0), (1, 0, 1, 0), (1, 0, 1, 1), (0, 1, 1, 1)
(1, 0, 0, 0), (1, 0, 1, 0), (1, 0, 1, 1), (1, 1, 1, 1)
(1, 0, 0, 0), (0, 1, 1, 0), (0, 0, 0, 1), (0, 1, 0, 1)
(1, 0, 0, 0), (0, 1, 1, 0), (0, 0, 0, 1), (1, 1, 0, 1)
(1, 0, 0, 0), (0, 1, 1, 0), (0, 0, 0, 1), (0, 0, 1, 1)
(1, 0, 0, 0), (0, 1, 1, 0), (0, 0, 0, 1), (1, 0, 1, 1)
(1, 0, 0, 0), (0, 1, 1, 0), (1, 0, 0, 1), (0, 1, 0, 1)
(1, 0, 0, 0), (0, 1, 1, 0), (1, 0, 0, 1), (1, 1, 0, 1)
(1, 0, 0, 0), (0, 1, 1, 0), (1, 0, 0, 1), (0, 0, 1, 1)
(1, 0, 0, 0), (0, 1, 1, 0), (1, 0, 0, 1), (1, 0, 1, 1)
(1, 0, 0, 0), (0, 1, 1, 0), (0, 1, 0, 1), (0, 1, 1, 1)
(1, 0, 0, 0), (0, 1, 1, 0), (0, 1, 0, 1), (1, 1, 1, 1)
(1, 0, 0, 0), (0, 1, 1, 0), (1, 1, 0, 1), (0, 1, 1, 1)
(1, 0, 0, 0), (0, 1, 1, 0), (1, 1, 0, 1), (1, 1, 1, 1)
(1, 0, 0, 0), (0, 1, 1, 0), (0, 0, 1, 1), (0, 1, 1, 1)
(1, 0, 0, 0), (0, 1, 1, 0), (0, 0, 1, 1), (1, 1, 1, 1)
(1, 0, 0, 0), (0, 1, 1, 0), (1, 0, 1, 1), (0, 1, 1, 1)
(1, 0, 0, 0), (0, 1, 1, 0), (1, 0, 1, 1), (1, 1, 1, 1)
(1, 0, 0, 0), (1, 1, 1, 0), (0, 0, 0, 1), (0, 1, 0, 1)
(1, 0, 0, 0), (1, 1, 1, 0), (0, 0, 0, 1), (1, 1, 0, 1)
(1, 0, 0, 0), (1, 1, 1, 0), (0, 0, 0, 1), (0, 0, 1, 1)
(1, 0, 0, 0), (1, 1, 1, 0), (0, 0, 0, 1), (1, 0, 1, 1)
(1, 0, 0, 0), (1, 1, 1, 0), (1, 0, 0, 1), (0, 1, 0, 1)
(1, 0, 0, 0), (1, 1, 1, 0), (1, 0, 0, 1), (1, 1, 0, 1)
(1, 0, 0, 0), (1, 1, 1, 0), (1, 0, 0, 1), (0, 0, 1, 1)
(1, 0, 0, 0), (1, 1, 1, 0), (1, 0, 0, 1), (1, 0, 1, 1)
(1, 0, 0, 0), (1, 1, 1, 0), (0, 1, 0, 1), (0, 1, 1, 1)
(1, 0, 0, 0), (1, 1, 1, 0), (0, 1, 0, 1), (1, 1, 1, 1)
(1, 0, 0, 0), (1, 1, 1, 0), (1, 1, 0, 1), (0, 1, 1, 1)
(1, 0, 0, 0), (1, 1, 1, 0), (1, 1, 0, 1), (1, 1, 1, 1)
(1, 0, 0, 0), (1, 1, 1, 0), (0, 0, 1, 1), (0, 1, 1, 1)
(1, 0, 0, 0), (1, 1, 1, 0), (0, 0, 1, 1), (1, 1, 1, 1)
(1, 0, 0, 0), (1, 1, 1, 0), (1, 0, 1, 1), (0, 1, 1, 1)
(1, 0, 0, 0), (1, 1, 1, 0), (1, 0, 1, 1), (1, 1, 1, 1)
(1, 0, 0, 0), (0, 0, 0, 1), (0, 1, 0, 1), (0, 0, 1, 1)
(1, 0, 0, 0), (0, 0, 0, 1), (0, 1, 0, 1), (1, 0, 1, 1)
(1, 0, 0, 0), (0, 0, 0, 1), (0, 1, 0, 1), (0, 1, 1, 1)
(1, 0, 0, 0), (0, 0, 0, 1), (0, 1, 0, 1), (1, 1, 1, 1)
(1, 0, 0, 0), (0, 0, 0, 1), (1, 1, 0, 1), (0, 0, 1, 1)
(1, 0, 0, 0), (0, 0, 0, 1), (1, 1, 0, 1), (1, 0, 1, 1)
(1, 0, 0, 0), (0, 0, 0, 1), (1, 1, 0, 1), (0, 1, 1, 1)
(1, 0, 0, 0), (0, 0, 0, 1), (1, 1, 0, 1), (1, 1, 1, 1)
(1, 0, 0, 0), (0, 0, 0, 1), (0, 0, 1, 1), (0, 1, 1, 1)
(1, 0, 0, 0), (0, 0, 0, 1), (0, 0, 1, 1), (1, 1, 1, 1)
(1, 0, 0, 0), (0, 0, 0, 1), (1, 0, 1, 1), (0, 1, 1, 1)
(1, 0, 0, 0), (0, 0, 0, 1), (1, 0, 1, 1), (1, 1, 1, 1)
(1, 0, 0, 0), (1, 0, 0, 1), (0, 1, 0, 1), (0, 0, 1, 1)
(1, 0, 0, 0), (1, 0, 0, 1), (0, 1, 0, 1), (1, 0, 1, 1)
(1, 0, 0, 0), (1, 0, 0, 1), (0, 1, 0, 1), (0, 1, 1, 1)
(1, 0, 0, 0), (1, 0, 0, 1), (0, 1, 0, 1), (1, 1, 1, 1)
(1, 0, 0, 0), (1, 0, 0, 1), (1, 1, 0, 1), (0, 0, 1, 1)
(1, 0, 0, 0), (1, 0, 0, 1), (1, 1, 0, 1), (1, 0, 1, 1)
(1, 0, 0, 0), (1, 0, 0, 1), (1, 1, 0, 1), (0, 1, 1, 1)
(1, 0, 0, 0), (1, 0, 0, 1), (1, 1, 0, 1), (1, 1, 1, 1)
(1, 0, 0, 0), (1, 0, 0, 1), (0, 0, 1, 1), (0, 1, 1, 1)
(1, 0, 0, 0), (1, 0, 0, 1), (0, 0, 1, 1), (1, 1, 1, 1)
(1, 0, 0, 0), (1, 0, 0, 1), (1, 0, 1, 1), (0, 1, 1, 1)
(1, 0, 0, 0), (1, 0, 0, 1), (1, 0, 1, 1), (1, 1, 1, 1)
(1, 0, 0, 0), (0, 1, 0, 1), (0, 0, 1, 1), (0, 1, 1, 1)
(1, 0, 0, 0), (0, 1, 0, 1), (0, 0, 1, 1), (1, 1, 1, 1)
(1, 0, 0, 0), (0, 1, 0, 1), (1, 0, 1, 1), (0, 1, 1, 1)
(1, 0, 0, 0), (0, 1, 0, 1), (1, 0, 1, 1), (1, 1, 1, 1)
(1, 0, 0, 0), (1, 1, 0, 1), (0, 0, 1, 1), (0, 1, 1, 1)
(1, 0, 0, 0), (1, 1, 0, 1), (0, 0, 1, 1), (1, 1, 1, 1)
(1, 0, 0, 0), (1, 1, 0, 1), (1, 0, 1, 1), (0, 1, 1, 1)
(1, 0, 0, 0), (1, 1, 0, 1), (1, 0, 1, 1), (1, 1, 1, 1)
(0, 1, 0, 0), (1, 1, 0, 0), (0, 0, 1, 0), (0, 0, 0, 1)
(0, 1, 0, 0), (1, 1, 0, 0), (0, 0, 1, 0), (1, 0, 0, 1)
(0, 1, 0, 0), (1, 1, 0, 0), (0, 0, 1, 0), (0, 1, 0, 1)
(0, 1, 0, 0), (1, 1, 0, 0), (0, 0, 1, 0), (1, 1, 0, 1)
(0, 1, 0, 0), (1, 1, 0, 0), (0, 0, 1, 0), (0, 0, 1, 1)
(0, 1, 0, 0), (1, 1, 0, 0), (0, 0, 1, 0), (1, 0, 1, 1)
(0, 1, 0, 0), (1, 1, 0, 0), (0, 0, 1, 0), (0, 1, 1, 1)
(0, 1, 0, 0), (1, 1, 0, 0), (0, 0, 1, 0), (1, 1, 1, 1)
(0, 1, 0, 0), (1, 1, 0, 0), (1, 0, 1, 0), (0, 0, 0, 1)
(0, 1, 0, 0), (1, 1, 0, 0), (1, 0, 1, 0), (1, 0, 0, 1)
(0, 1, 0, 0), (1, 1, 0, 0), (1, 0, 1, 0), (0, 1, 0, 1)
(0, 1, 0, 0), (1, 1, 0, 0), (1, 0, 1, 0), (1, 1, 0, 1)
(0, 1, 0, 0), (1, 1, 0, 0), (1, 0, 1, 0), (0, 0, 1, 1)
(0, 1, 0, 0), (1, 1, 0, 0), (1, 0, 1, 0), (1, 0, 1, 1)
(0, 1, 0, 0), (1, 1, 0, 0), (1, 0, 1, 0), (0, 1, 1, 1)
(0, 1, 0, 0), (1, 1, 0, 0), (1, 0, 1, 0), (1, 1, 1, 1)
(0, 1, 0, 0), (1, 1, 0, 0), (0, 1, 1, 0), (0, 0, 0, 1)
(0, 1, 0, 0), (1, 1, 0, 0), (0, 1, 1, 0), (1, 0, 0, 1)
(0, 1, 0, 0), (1, 1, 0, 0), (0, 1, 1, 0), (0, 1, 0, 1)
(0, 1, 0, 0), (1, 1, 0, 0), (0, 1, 1, 0), (1, 1, 0, 1)
(0, 1, 0, 0), (1, 1, 0, 0), (0, 1, 1, 0), (0, 0, 1, 1)
(0, 1, 0, 0), (1, 1, 0, 0), (0, 1, 1, 0), (1, 0, 1, 1)
(0, 1, 0, 0), (1, 1, 0, 0), (0, 1, 1, 0), (0, 1, 1, 1)
(0, 1, 0, 0), (1, 1, 0, 0), (0, 1, 1, 0), (1, 1, 1, 1)
(0, 1, 0, 0), (1, 1, 0, 0), (1, 1, 1, 0), (0, 0, 0, 1)
(0, 1, 0, 0), (1, 1, 0, 0), (1, 1, 1, 0), (1, 0, 0, 1)
(0, 1, 0, 0), (1, 1, 0, 0), (1, 1, 1, 0), (0, 1, 0, 1)
(0, 1, 0, 0), (1, 1, 0, 0), (1, 1, 1, 0), (1, 1, 0, 1)
(0, 1, 0, 0), (1, 1, 0, 0), (1, 1, 1, 0), (0, 0, 1, 1)
(0, 1, 0, 0), (1, 1, 0, 0), (1, 1, 1, 0), (1, 0, 1, 1)
(0, 1, 0, 0), (1, 1, 0, 0), (1, 1, 1, 0), (0, 1, 1, 1)
(0, 1, 0, 0), (1, 1, 0, 0), (1, 1, 1, 0), (1, 1, 1, 1)
(0, 1, 0, 0), (1, 1, 0, 0), (0, 0, 0, 1), (0, 0, 1, 1)
(0, 1, 0, 0), (1, 1, 0, 0), (0, 0, 0, 1), (1, 0, 1, 1)
(0, 1, 0, 0), (1, 1, 0, 0), (0, 0, 0, 1), (0, 1, 1, 1)
(0, 1, 0, 0), (1, 1, 0, 0), (0, 0, 0, 1), (1, 1, 1, 1)
(0, 1, 0, 0), (1, 1, 0, 0), (1, 0, 0, 1), (0, 0, 1, 1)
(0, 1, 0, 0), (1, 1, 0, 0), (1, 0, 0, 1), (1, 0, 1, 1)
(0, 1, 0, 0), (1, 1, 0, 0), (1, 0, 0, 1), (0, 1, 1, 1)
(0, 1, 0, 0), (1, 1, 0, 0), (1, 0, 0, 1), (1, 1, 1, 1)
(0, 1, 0, 0), (1, 1, 0, 0), (0, 1, 0, 1), (0, 0, 1, 1)
(0, 1, 0, 0), (1, 1, 0, 0), (0, 1, 0, 1), (1, 0, 1, 1)
(0, 1, 0, 0), (1, 1, 0, 0), (0, 1, 0, 1), (0, 1, 1, 1)
(0, 1, 0, 0), (1, 1, 0, 0), (0, 1, 0, 1), (1, 1, 1, 1)
(0, 1, 0, 0), (1, 1, 0, 0), (1, 1, 0, 1), (0, 0, 1, 1)
(0, 1, 0, 0), (1, 1, 0, 0), (1, 1, 0, 1), (1, 0, 1, 1)
(0, 1, 0, 0), (1, 1, 0, 0), (1, 1, 0, 1), (0, 1, 1, 1)
(0, 1, 0, 0), (1, 1, 0, 0), (1, 1, 0, 1), (1, 1, 1, 1)
(0, 1, 0, 0), (0, 0, 1, 0), (1, 0, 1, 0), (0, 0, 0, 1)
(0, 1, 0, 0), (0, 0, 1, 0), (1, 0, 1, 0), (1, 0, 0, 1)
(0, 1, 0, 0), (0, 0, 1, 0), (1, 0, 1, 0), (0, 1, 0, 1)
(0, 1, 0, 0), (0, 0, 1, 0), (1, 0, 1, 0), (1, 1, 0, 1)
(0, 1, 0, 0), (0, 0, 1, 0), (1, 0, 1, 0), (0, 0, 1, 1)
(0, 1, 0, 0), (0, 0, 1, 0), (1, 0, 1, 0), (1, 0, 1, 1)
(0, 1, 0, 0), (0, 0, 1, 0), (1, 0, 1, 0), (0, 1, 1, 1)
(0, 1, 0, 0), (0, 0, 1, 0), (1, 0, 1, 0), (1, 1, 1, 1)
(0, 1, 0, 0), (0, 0, 1, 0), (1, 1, 1, 0), (0, 0, 0, 1)
(0, 1, 0, 0), (0, 0, 1, 0), (1, 1, 1, 0), (1, 0, 0, 1)
(0, 1, 0, 0), (0, 0, 1, 0), (1, 1, 1, 0), (0, 1, 0, 1)
(0, 1, 0, 0), (0, 0, 1, 0), (1, 1, 1, 0), (1, 1, 0, 1)
(0, 1, 0, 0), (0, 0, 1, 0), (1, 1, 1, 0), (0, 0, 1, 1)
(0, 1, 0, 0), (0, 0, 1, 0), (1, 1, 1, 0), (1, 0, 1, 1)
(0, 1, 0, 0), (0, 0, 1, 0), (1, 1, 1, 0), (0, 1, 1, 1)
(0, 1, 0, 0), (0, 0, 1, 0), (1, 1, 1, 0), (1, 1, 1, 1)
(0, 1, 0, 0), (0, 0, 1, 0), (0, 0, 0, 1), (1, 0, 0, 1)
(0, 1, 0, 0), (0, 0, 1, 0), (0, 0, 0, 1), (1, 1, 0, 1)
(0, 1, 0, 0), (0, 0, 1, 0), (0, 0, 0, 1), (1, 0, 1, 1)
(0, 1, 0, 0), (0, 0, 1, 0), (0, 0, 0, 1), (1, 1, 1, 1)
(0, 1, 0, 0), (0, 0, 1, 0), (1, 0, 0, 1), (0, 1, 0, 1)
(0, 1, 0, 0), (0, 0, 1, 0), (1, 0, 0, 1), (0, 0, 1, 1)
(0, 1, 0, 0), (0, 0, 1, 0), (1, 0, 0, 1), (0, 1, 1, 1)
(0, 1, 0, 0), (0, 0, 1, 0), (0, 1, 0, 1), (1, 1, 0, 1)
(0, 1, 0, 0), (0, 0, 1, 0), (0, 1, 0, 1), (1, 0, 1, 1)
(0, 1, 0, 0), (0, 0, 1, 0), (0, 1, 0, 1), (1, 1, 1, 1)
(0, 1, 0, 0), (0, 0, 1, 0), (1, 1, 0, 1), (0, 0, 1, 1)
(0, 1, 0, 0), (0, 0, 1, 0), (1, 1, 0, 1), (0, 1, 1, 1)
(0, 1, 0, 0), (0, 0, 1, 0), (0, 0, 1, 1), (1, 0, 1, 1)
(0, 1, 0, 0), (0, 0, 1, 0), (0, 0, 1, 1), (1, 1, 1, 1)
(0, 1, 0, 0), (0, 0, 1, 0), (1, 0, 1, 1), (0, 1, 1, 1)
(0, 1, 0, 0), (0, 0, 1, 0), (0, 1, 1, 1), (1, 1, 1, 1)
(0, 1, 0, 0), (1, 0, 1, 0), (0, 1, 1, 0), (0, 0, 0, 1)
(0, 1, 0, 0), (1, 0, 1, 0), (0, 1, 1, 0), (1, 0, 0, 1)
(0, 1, 0, 0), (1, 0, 1, 0), (0, 1, 1, 0), (0, 1, 0, 1)
(0, 1, 0, 0), (1, 0, 1, 0), (0, 1, 1, 0), (1, 1, 0, 1)
(0, 1, 0, 0), (1, 0, 1, 0), (0, 1, 1, 0), (0, 0, 1, 1)
(0, 1, 0, 0), (1, 0, 1, 0), (0, 1, 1, 0), (1, 0, 1, 1)
(0, 1, 0, 0), (1, 0, 1, 0), (0, 1, 1, 0), (0, 1, 1, 1)
(0, 1, 0, 0), (1, 0, 1, 0), (0, 1, 1, 0), (1, 1, 1, 1)
(0, 1, 0, 0), (1, 0, 1, 0), (0, 0, 0, 1), (1, 0, 0, 1)
(0, 1, 0, 0), (1, 0, 1, 0), (0, 0, 0, 1), (1, 1, 0, 1)
(0, 1, 0, 0), (1, 0, 1, 0), (0, 0, 0, 1), (0, 0, 1, 1)
(0, 1, 0, 0), (1, 0, 1, 0), (0, 0, 0, 1), (0, 1, 1, 1)
(0, 1, 0, 0), (1, 0, 1, 0), (1, 0, 0, 1), (0, 1, 0, 1)
(0, 1, 0, 0), (1, 0, 1, 0), (1, 0, 0, 1), (1, 0, 1, 1)
(0, 1, 0, 0), (1, 0, 1, 0), (1, 0, 0, 1), (1, 1, 1, 1)
(0, 1, 0, 0), (1, 0, 1, 0), (0, 1, 0, 1), (1, 1, 0, 1)
(0, 1, 0, 0), (1, 0, 1, 0), (0, 1, 0, 1), (0, 0, 1, 1)
(0, 1, 0, 0), (1, 0, 1, 0), (0, 1, 0, 1), (0, 1, 1, 1)
(0, 1, 0, 0), (1, 0, 1, 0), (1, 1, 0, 1), (1, 0, 1, 1)
(0, 1, 0, 0), (1, 0, 1, 0), (1, 1, 0, 1), (1, 1, 1, 1)
(0, 1, 0, 0), (1, 0, 1, 0), (0, 0, 1, 1), (1, 0, 1, 1)
(0, 1, 0, 0), (1, 0, 1, 0), (0, 0, 1, 1), (1, 1, 1, 1)
(0, 1, 0, 0), (1, 0, 1, 0), (1, 0, 1, 1), (0, 1, 1, 1)
(0, 1, 0, 0), (1, 0, 1, 0), (0, 1, 1, 1), (1, 1, 1, 1)
(0, 1, 0, 0), (0, 1, 1, 0), (1, 1, 1, 0), (0, 0, 0, 1)
(0, 1, 0, 0), (0, 1, 1, 0), (1, 1, 1, 0), (1, 0, 0, 1)
(0, 1, 0, 0), (0, 1, 1, 0), (1, 1, 1, 0), (0, 1, 0, 1)
(0, 1, 0, 0), (0, 1, 1, 0), (1, 1, 1, 0), (1, 1, 0, 1)
(0, 1, 0, 0), (0, 1, 1, 0), (1, 1, 1, 0), (0, 0, 1, 1)
(0, 1, 0, 0), (0, 1, 1, 0), (1, 1, 1, 0), (1, 0, 1, 1)
(0, 1, 0, 0), (0, 1, 1, 0), (1, 1, 1, 0), (0, 1, 1, 1)
(0, 1, 0, 0), (0, 1, 1, 0), (1, 1, 1, 0), (1, 1, 1, 1)
(0, 1, 0, 0), (0, 1, 1, 0), (0, 0, 0, 1), (1, 0, 0, 1)
(0, 1, 0, 0), (0, 1, 1, 0), (0, 0, 0, 1), (1, 1, 0, 1)
(0, 1, 0, 0), (0, 1, 1, 0), (0, 0, 0, 1), (1, 0, 1, 1)
(0, 1, 0, 0), (0, 1, 1, 0), (0, 0, 0, 1), (1, 1, 1, 1)
(0, 1, 0, 0), (0, 1, 1, 0), (1, 0, 0, 1), (0, 1, 0, 1)
(0, 1, 0, 0), (0, 1, 1, 0), (1, 0, 0, 1), (0, 0, 1, 1)
(0, 1, 0, 0), (0, 1, 1, 0), (1, 0, 0, 1), (0, 1, 1, 1)
(0, 1, 0, 0), (0, 1, 1, 0), (0, 1, 0, 1), (1, 1, 0, 1)
(0, 1, 0, 0), (0, 1, 1, 0), (0, 1, 0, 1), (1, 0, 1, 1)
(0, 1, 0, 0), (0, 1, 1, 0), (0, 1, 0, 1), (1, 1, 1, 1)
(0, 1, 0, 0), (0, 1, 1, 0), (1, 1, 0, 1), (0, 0, 1, 1)
(0, 1, 0, 0), (0, 1, 1, 0), (1, 1, 0, 1), (0, 1, 1, 1)
(0, 1, 0, 0), (0, 1, 1, 0), (0, 0, 1, 1), (1, 0, 1, 1)
(0, 1, 0, 0), (0, 1, 1, 0), (0, 0, 1, 1), (1, 1, 1, 1)
(0, 1, 0, 0), (0, 1, 1, 0), (1, 0, 1, 1), (0, 1, 1, 1)
(0, 1, 0, 0), (0, 1, 1, 0), (0, 1, 1, 1), (1, 1, 1, 1)
(0, 1, 0, 0), (1, 1, 1, 0), (0, 0, 0, 1), (1, 0, 0, 1)
(0, 1, 0, 0), (1, 1, 1, 0), (0, 0, 0, 1), (1, 1, 0, 1)
(0, 1, 0, 0), (1, 1, 1, 0), (0, 0, 0, 1), (0, 0, 1, 1)
(0, 1, 0, 0), (1, 1, 1, 0), (0, 0, 0, 1), (0, 1, 1, 1)
(0, 1, 0, 0), (1, 1, 1, 0), (1, 0, 0, 1), (0, 1, 0, 1)
(0, 1, 0, 0), (1, 1, 1, 0), (1, 0, 0, 1), (1, 0, 1, 1)
(0, 1, 0, 0), (1, 1, 1, 0), (1, 0, 0, 1), (1, 1, 1, 1)
(0, 1, 0, 0), (1, 1, 1, 0), (0, 1, 0, 1), (1, 1, 0, 1)
(0, 1, 0, 0), (1, 1, 1, 0), (0, 1, 0, 1), (0, 0, 1, 1)
(0, 1, 0, 0), (1, 1, 1, 0), (0, 1, 0, 1), (0, 1, 1, 1)
(0, 1, 0, 0), (1, 1, 1, 0), (1, 1, 0, 1), (1, 0, 1, 1)
(0, 1, 0, 0), (1, 1, 1, 0), (1, 1, 0, 1), (1, 1, 1, 1)
(0, 1, 0, 0), (1, 1, 1, 0), (0, 0, 1, 1), (1, 0, 1, 1)
(0, 1, 0, 0), (1, 1, 1, 0), (0, 0, 1, 1), (1, 1, 1, 1)
(0, 1, 0, 0), (1, 1, 1, 0), (1, 0, 1, 1), (0, 1, 1, 1)
(0, 1, 0, 0), (1, 1, 1, 0), (0, 1, 1, 1), (1, 1, 1, 1)
(0, 1, 0, 0), (0, 0, 0, 1), (1, 0, 0, 1), (0, 0, 1, 1)
(0, 1, 0, 0), (0, 0, 0, 1), (1, 0, 0, 1), (1, 0, 1, 1)
(0, 1, 0, 0), (0, 0, 0, 1), (1, 0, 0, 1), (0, 1, 1, 1)
(0, 1, 0, 0), (0, 0, 0, 1), (1, 0, 0, 1), (1, 1, 1, 1)
(0, 1, 0, 0), (0, 0, 0, 1), (1, 1, 0, 1), (0, 0, 1, 1)
(0, 1, 0, 0), (0, 0, 0, 1), (1, 1, 0, 1), (1, 0, 1, 1)
(0, 1, 0, 0), (0, 0, 0, 1), (1, 1, 0, 1), (0, 1, 1, 1)
(0, 1, 0, 0), (0, 0, 0, 1), (1, 1, 0, 1), (1, 1, 1, 1)
(0, 1, 0, 0), (0, 0, 0, 1), (0, 0, 1, 1), (1, 0, 1, 1)
(0, 1, 0, 0), (0, 0, 0, 1), (0, 0, 1, 1), (1, 1, 1, 1)
(0, 1, 0, 0), (0, 0, 0, 1), (1, 0, 1, 1), (0, 1, 1, 1)
(0, 1, 0, 0), (0, 0, 0, 1), (0, 1, 1, 1), (1, 1, 1, 1)
(0, 1, 0, 0), (1, 0, 0, 1), (0, 1, 0, 1), (0, 0, 1, 1)
(0, 1, 0, 0), (1, 0, 0, 1), (0, 1, 0, 1), (1, 0, 1, 1)
(0, 1, 0, 0), (1, 0, 0, 1), (0, 1, 0, 1), (0, 1, 1, 1)
(0, 1, 0, 0), (1, 0, 0, 1), (0, 1, 0, 1), (1, 1, 1, 1)
(0, 1, 0, 0), (1, 0, 0, 1), (0, 0, 1, 1), (1, 0, 1, 1)
(0, 1, 0, 0), (1, 0, 0, 1), (0, 0, 1, 1), (1, 1, 1, 1)
(0, 1, 0, 0), (1, 0, 0, 1), (1, 0, 1, 1), (0, 1, 1, 1)
(0, 1, 0, 0), (1, 0, 0, 1), (0, 1, 1, 1), (1, 1, 1, 1)
(0, 1, 0, 0), (0, 1, 0, 1), (1, 1, 0, 1), (0, 0, 1, 1)
(0, 1, 0, 0), (0, 1, 0, 1), (1, 1, 0, 1), (1, 0, 1, 1)
(0, 1, 0, 0), (0, 1, 0, 1), (1, 1, 0, 1), (0, 1, 1, 1)
(0, 1, 0, 0), (0, 1, 0, 1), (1, 1, 0, 1), (1, 1, 1, 1)
(0, 1, 0, 0), (0, 1, 0, 1), (0, 0, 1, 1), (1, 0, 1, 1)
(0, 1, 0, 0), (0, 1, 0, 1), (0, 0, 1, 1), (1, 1, 1, 1)
(0, 1, 0, 0), (0, 1, 0, 1), (1, 0, 1, 1), (0, 1, 1, 1)
(0, 1, 0, 0), (0, 1, 0, 1), (0, 1, 1, 1), (1, 1, 1, 1)
(0, 1, 0, 0), (1, 1, 0, 1), (0, 0, 1, 1), (1, 0, 1, 1)
(0, 1, 0, 0), (1, 1, 0, 1), (0, 0, 1, 1), (1, 1, 1, 1)
(0, 1, 0, 0), (1, 1, 0, 1), (1, 0, 1, 1), (0, 1, 1, 1)
(0, 1, 0, 0), (1, 1, 0, 1), (0, 1, 1, 1), (1, 1, 1, 1)
(1, 1, 0, 0), (0, 0, 1, 0), (1, 0, 1, 0), (0, 0, 0, 1)
(1, 1, 0, 0), (0, 0, 1, 0), (1, 0, 1, 0), (1, 0, 0, 1)
(1, 1, 0, 0), (0, 0, 1, 0), (1, 0, 1, 0), (0, 1, 0, 1)
(1, 1, 0, 0), (0, 0, 1, 0), (1, 0, 1, 0), (1, 1, 0, 1)
(1, 1, 0, 0), (0, 0, 1, 0), (1, 0, 1, 0), (0, 0, 1, 1)
(1, 1, 0, 0), (0, 0, 1, 0), (1, 0, 1, 0), (1, 0, 1, 1)
(1, 1, 0, 0), (0, 0, 1, 0), (1, 0, 1, 0), (0, 1, 1, 1)
(1, 1, 0, 0), (0, 0, 1, 0), (1, 0, 1, 0), (1, 1, 1, 1)
(1, 1, 0, 0), (0, 0, 1, 0), (0, 1, 1, 0), (0, 0, 0, 1)
(1, 1, 0, 0), (0, 0, 1, 0), (0, 1, 1, 0), (1, 0, 0, 1)
(1, 1, 0, 0), (0, 0, 1, 0), (0, 1, 1, 0), (0, 1, 0, 1)
(1, 1, 0, 0), (0, 0, 1, 0), (0, 1, 1, 0), (1, 1, 0, 1)
(1, 1, 0, 0), (0, 0, 1, 0), (0, 1, 1, 0), (0, 0, 1, 1)
(1, 1, 0, 0), (0, 0, 1, 0), (0, 1, 1, 0), (1, 0, 1, 1)
(1, 1, 0, 0), (0, 0, 1, 0), (0, 1, 1, 0), (0, 1, 1, 1)
(1, 1, 0, 0), (0, 0, 1, 0), (0, 1, 1, 0), (1, 1, 1, 1)
(1, 1, 0, 0), (0, 0, 1, 0), (0, 0, 0, 1), (1, 0, 0, 1)
(1, 1, 0, 0), (0, 0, 1, 0), (0, 0, 0, 1), (0, 1, 0, 1)
(1, 1, 0, 0), (0, 0, 1, 0), (0, 0, 0, 1), (1, 0, 1, 1)
(1, 1, 0, 0), (0, 0, 1, 0), (0, 0, 0, 1), (0, 1, 1, 1)
(1, 1, 0, 0), (0, 0, 1, 0), (1, 0, 0, 1), (1, 1, 0, 1)
(1, 1, 0, 0), (0, 0, 1, 0), (1, 0, 0, 1), (0, 0, 1, 1)
(1, 1, 0, 0), (0, 0, 1, 0), (1, 0, 0, 1), (1, 1, 1, 1)
(1, 1, 0, 0), (0, 0, 1, 0), (0, 1, 0, 1), (1, 1, 0, 1)
(1, 1, 0, 0), (0, 0, 1, 0), (0, 1, 0, 1), (0, 0, 1, 1)
(1, 1, 0, 0), (0, 0, 1, 0), (0, 1, 0, 1), (1, 1, 1, 1)
(1, 1, 0, 0), (0, 0, 1, 0), (1, 1, 0, 1), (1, 0, 1, 1)
(1, 1, 0, 0), (0, 0, 1, 0), (1, 1, 0, 1), (0, 1, 1, 1)
(1, 1, 0, 0), (0, 0, 1, 0), (0, 0, 1, 1), (1, 0, 1, 1)
(1, 1, 0, 0), (0, 0, 1, 0), (0, 0, 1, 1), (0, 1, 1, 1)
(1, 1, 0, 0), (0, 0, 1, 0), (1, 0, 1, 1), (1, 1, 1, 1)
(1, 1, 0, 0), (0, 0, 1, 0), (0, 1, 1, 1), (1, 1, 1, 1)
(1, 1, 0, 0), (1, 0, 1, 0), (1, 1, 1, 0), (0, 0, 0, 1)
(1, 1, 0, 0), (1, 0, 1, 0), (1, 1, 1, 0), (1, 0, 0, 1)
(1, 1, 0, 0), (1, 0, 1, 0), (1, 1, 1, 0), (0, 1, 0, 1)
(1, 1, 0, 0), (1, 0, 1, 0), (1, 1, 1, 0), (1, 1, 0, 1)
(1, 1, 0, 0), (1, 0, 1, 0), (1, 1, 1, 0), (0, 0, 1, 1)
(1, 1, 0, 0), (1, 0, 1, 0), (1, 1, 1, 0), (1, 0, 1, 1)
(1, 1, 0, 0), (1, 0, 1, 0), (1, 1, 1, 0), (0, 1, 1, 1)
(1, 1, 0, 0), (1, 0, 1, 0), (1, 1, 1, 0), (1, 1, 1, 1)
(1, 1, 0, 0), (1, 0, 1, 0), (0, 0, 0, 1), (1, 0, 0, 1)
(1, 1, 0, 0), (1, 0, 1, 0), (0, 0, 0, 1), (0, 1, 0, 1)
(1, 1, 0, 0), (1, 0, 1, 0), (0, 0, 0, 1), (0, 0, 1, 1)
(1, 1, 0, 0), (1, 0, 1, 0), (0, 0, 0, 1), (1, 1, 1, 1)
(1, 1, 0, 0), (1, 0, 1, 0), (1, 0, 0, 1), (1, 1, 0, 1)
(1, 1, 0, 0), (1, 0, 1, 0), (1, 0, 0, 1), (1, 0, 1, 1)
(1, 1, 0, 0), (1, 0, 1, 0), (1, 0, 0, 1), (0, 1, 1, 1)
(1, 1, 0, 0), (1, 0, 1, 0), (0, 1, 0, 1), (1, 1, 0, 1)
(1, 1, 0, 0), (1, 0, 1, 0), (0, 1, 0, 1), (1, 0, 1, 1)
(1, 1, 0, 0), (1, 0, 1, 0), (0, 1, 0, 1), (0, 1, 1, 1)
(1, 1, 0, 0), (1, 0, 1, 0), (1, 1, 0, 1), (0, 0, 1, 1)
(1, 1, 0, 0), (1, 0, 1, 0), (1, 1, 0, 1), (1, 1, 1, 1)
(1, 1, 0, 0), (1, 0, 1, 0), (0, 0, 1, 1), (1, 0, 1, 1)
(1, 1, 0, 0), (1, 0, 1, 0), (0, 0, 1, 1), (0, 1, 1, 1)
(1, 1, 0, 0), (1, 0, 1, 0), (1, 0, 1, 1), (1, 1, 1, 1)
(1, 1, 0, 0), (1, 0, 1, 0), (0, 1, 1, 1), (1, 1, 1, 1)
(1, 1, 0, 0), (0, 1, 1, 0), (1, 1, 1, 0), (0, 0, 0, 1)
(1, 1, 0, 0), (0, 1, 1, 0), (1, 1, 1, 0), (1, 0, 0, 1)
(1, 1, 0, 0), (0, 1, 1, 0), (1, 1, 1, 0), (0, 1, 0, 1)
(1, 1, 0, 0), (0, 1, 1, 0), (1, 1, 1, 0), (1, 1, 0, 1)
(1, 1, 0, 0), (0, 1, 1, 0), (1, 1, 1, 0), (0, 0, 1, 1)
(1, 1, 0, 0), (0, 1, 1, 0), (1, 1, 1, 0), (1, 0, 1, 1)
(1, 1, 0, 0), (0, 1, 1, 0), (1, 1, 1, 0), (0, 1, 1, 1)
(1, 1, 0, 0), (0, 1, 1, 0), (1, 1, 1, 0), (1, 1, 1, 1)
(1, 1, 0, 0), (0, 1, 1, 0), (0, 0, 0, 1), (1, 0, 0, 1)
(1, 1, 0, 0), (0, 1, 1, 0), (0, 0, 0, 1), (0, 1, 0, 1)
(1, 1, 0, 0), (0, 1, 1, 0), (0, 0, 0, 1), (0, 0, 1, 1)
(1, 1, 0, 0), (0, 1, 1, 0), (0, 0, 0, 1), (1, 1, 1, 1)
(1, 1, 0, 0), (0, 1, 1, 0), (1, 0, 0, 1), (1, 1, 0, 1)
(1, 1, 0, 0), (0, 1, 1, 0), (1, 0, 0, 1), (1, 0, 1, 1)
(1, 1, 0, 0), (0, 1, 1, 0), (1, 0, 0, 1), (0, 1, 1, 1)
(1, 1, 0, 0), (0, 1, 1, 0), (0, 1, 0, 1), (1, 1, 0, 1)
(1, 1, 0, 0), (0, 1, 1, 0), (0, 1, 0, 1), (1, 0, 1, 1)
(1, 1, 0, 0), (0, 1, 1, 0), (0, 1, 0, 1), (0, 1, 1, 1)
(1, 1, 0, 0), (0, 1, 1, 0), (1, 1, 0, 1), (0, 0, 1, 1)
(1, 1, 0, 0), (0, 1, 1, 0), (1, 1, 0, 1), (1, 1, 1, 1)
(1, 1, 0, 0), (0, 1, 1, 0), (0, 0, 1, 1), (1, 0, 1, 1)
(1, 1, 0, 0), (0, 1, 1, 0), (0, 0, 1, 1), (0, 1, 1, 1)
(1, 1, 0, 0), (0, 1, 1, 0), (1, 0, 1, 1), (1, 1, 1, 1)
(1, 1, 0, 0), (0, 1, 1, 0), (0, 1, 1, 1), (1, 1, 1, 1)
(1, 1, 0, 0), (1, 1, 1, 0), (0, 0, 0, 1), (1, 0, 0, 1)
(1, 1, 0, 0), (1, 1, 1, 0), (0, 0, 0, 1), (0, 1, 0, 1)
(1, 1, 0, 0), (1, 1, 1, 0), (0, 0, 0, 1), (1, 0, 1, 1)
(1, 1, 0, 0), (1, 1, 1, 0), (0, 0, 0, 1), (0, 1, 1, 1)
(1, 1, 0, 0), (1, 1, 1, 0), (1, 0, 0, 1), (1, 1, 0, 1)
(1, 1, 0, 0), (1, 1, 1, 0), (1, 0, 0, 1), (0, 0, 1, 1)
(1, 1, 0, 0), (1, 1, 1, 0), (1, 0, 0, 1), (1, 1, 1, 1)
(1, 1, 0, 0), (1, 1, 1, 0), (0, 1, 0, 1), (1, 1, 0, 1)
(1, 1, 0, 0), (1, 1, 1, 0), (0, 1, 0, 1), (0, 0, 1, 1)
(1, 1, 0, 0), (1, 1, 1, 0), (0, 1, 0, 1), (1, 1, 1, 1)
(1, 1, 0, 0), (1, 1, 1, 0), (1, 1, 0, 1), (1, 0, 1, 1)
(1, 1, 0, 0), (1, 1, 1, 0), (1, 1, 0, 1), (0, 1, 1, 1)
(1, 1, 0, 0), (1, 1, 1, 0), (0, 0, 1, 1), (1, 0, 1, 1)
(1, 1, 0, 0), (1, 1, 1, 0), (0, 0, 1, 1), (0, 1, 1, 1)
(1, 1, 0, 0), (1, 1, 1, 0), (1, 0, 1, 1), (1, 1, 1, 1)
(1, 1, 0, 0), (1, 1, 1, 0), (0, 1, 1, 1), (1, 1, 1, 1)
(1, 1, 0, 0), (0, 0, 0, 1), (1, 0, 0, 1), (0, 0, 1, 1)
(1, 1, 0, 0), (0, 0, 0, 1), (1, 0, 0, 1), (1, 0, 1, 1)
(1, 1, 0, 0), (0, 0, 0, 1), (1, 0, 0, 1), (0, 1, 1, 1)
(1, 1, 0, 0), (0, 0, 0, 1), (1, 0, 0, 1), (1, 1, 1, 1)
(1, 1, 0, 0), (0, 0, 0, 1), (0, 1, 0, 1), (0, 0, 1, 1)
(1, 1, 0, 0), (0, 0, 0, 1), (0, 1, 0, 1), (1, 0, 1, 1)
(1, 1, 0, 0), (0, 0, 0, 1), (0, 1, 0, 1), (0, 1, 1, 1)
(1, 1, 0, 0), (0, 0, 0, 1), (0, 1, 0, 1), (1, 1, 1, 1)
(1, 1, 0, 0), (0, 0, 0, 1), (0, 0, 1, 1), (1, 0, 1, 1)
(1, 1, 0, 0), (0, 0, 0, 1), (0, 0, 1, 1), (0, 1, 1, 1)
(1, 1, 0, 0), (0, 0, 0, 1), (1, 0, 1, 1), (1, 1, 1, 1)
(1, 1, 0, 0), (0, 0, 0, 1), (0, 1, 1, 1), (1, 1, 1, 1)
(1, 1, 0, 0), (1, 0, 0, 1), (1, 1, 0, 1), (0, 0, 1, 1)
(1, 1, 0, 0), (1, 0, 0, 1), (1, 1, 0, 1), (1, 0, 1, 1)
(1, 1, 0, 0), (1, 0, 0, 1), (1, 1, 0, 1), (0, 1, 1, 1)
(1, 1, 0, 0), (1, 0, 0, 1), (1, 1, 0, 1), (1, 1, 1, 1)
(1, 1, 0, 0), (1, 0, 0, 1), (0, 0, 1, 1), (1, 0, 1, 1)
(1, 1, 0, 0), (1, 0, 0, 1), (0, 0, 1, 1), (0, 1, 1, 1)
(1, 1, 0, 0), (1, 0, 0, 1), (1, 0, 1, 1), (1, 1, 1, 1)
(1, 1, 0, 0), (1, 0, 0, 1), (0, 1, 1, 1), (1, 1, 1, 1)
(1, 1, 0, 0), (0, 1, 0, 1), (1, 1, 0, 1), (0, 0, 1, 1)
(1, 1, 0, 0), (0, 1, 0, 1), (1, 1, 0, 1), (1, 0, 1, 1)
(1, 1, 0, 0), (0, 1, 0, 1), (1, 1, 0, 1), (0, 1, 1, 1)
(1, 1, 0, 0), (0, 1, 0, 1), (1, 1, 0, 1), (1, 1, 1, 1)
(1, 1, 0, 0), (0, 1, 0, 1), (0, 0, 1, 1), (1, 0, 1, 1)
(1, 1, 0, 0), (0, 1, 0, 1), (0, 0, 1, 1), (0, 1, 1, 1)
(1, 1, 0, 0), (0, 1, 0, 1), (1, 0, 1, 1), (1, 1, 1, 1)
(1, 1, 0, 0), (0, 1, 0, 1), (0, 1, 1, 1), (1, 1, 1, 1)
(1, 1, 0, 0), (1, 1, 0, 1), (0, 0, 1, 1), (1, 0, 1, 1)
(1, 1, 0, 0), (1, 1, 0, 1), (0, 0, 1, 1), (0, 1, 1, 1)
(1, 1, 0, 0), (1, 1, 0, 1), (1, 0, 1, 1), (1, 1, 1, 1)
(1, 1, 0, 0), (1, 1, 0, 1), (0, 1, 1, 1), (1, 1, 1, 1)
(0, 0, 1, 0), (1, 0, 1, 0), (0, 1, 1, 0), (0, 0, 0, 1)
(0, 0, 1, 0), (1, 0, 1, 0), (0, 1, 1, 0), (1, 0, 0, 1)
(0, 0, 1, 0), (1, 0, 1, 0), (0, 1, 1, 0), (0, 1, 0, 1)
(0, 0, 1, 0), (1, 0, 1, 0), (0, 1, 1, 0), (1, 1, 0, 1)
(0, 0, 1, 0), (1, 0, 1, 0), (0, 1, 1, 0), (0, 0, 1, 1)
(0, 0, 1, 0), (1, 0, 1, 0), (0, 1, 1, 0), (1, 0, 1, 1)
(0, 0, 1, 0), (1, 0, 1, 0), (0, 1, 1, 0), (0, 1, 1, 1)
(0, 0, 1, 0), (1, 0, 1, 0), (0, 1, 1, 0), (1, 1, 1, 1)
(0, 0, 1, 0), (1, 0, 1, 0), (1, 1, 1, 0), (0, 0, 0, 1)
(0, 0, 1, 0), (1, 0, 1, 0), (1, 1, 1, 0), (1, 0, 0, 1)
(0, 0, 1, 0), (1, 0, 1, 0), (1, 1, 1, 0), (0, 1, 0, 1)
(0, 0, 1, 0), (1, 0, 1, 0), (1, 1, 1, 0), (1, 1, 0, 1)
(0, 0, 1, 0), (1, 0, 1, 0), (1, 1, 1, 0), (0, 0, 1, 1)
(0, 0, 1, 0), (1, 0, 1, 0), (1, 1, 1, 0), (1, 0, 1, 1)
(0, 0, 1, 0), (1, 0, 1, 0), (1, 1, 1, 0), (0, 1, 1, 1)
(0, 0, 1, 0), (1, 0, 1, 0), (1, 1, 1, 0), (1, 1, 1, 1)
(0, 0, 1, 0), (1, 0, 1, 0), (0, 0, 0, 1), (0, 1, 0, 1)
(0, 0, 1, 0), (1, 0, 1, 0), (0, 0, 0, 1), (1, 1, 0, 1)
(0, 0, 1, 0), (1, 0, 1, 0), (0, 0, 0, 1), (0, 1, 1, 1)
(0, 0, 1, 0), (1, 0, 1, 0), (0, 0, 0, 1), (1, 1, 1, 1)
(0, 0, 1, 0), (1, 0, 1, 0), (1, 0, 0, 1), (0, 1, 0, 1)
(0, 0, 1, 0), (1, 0, 1, 0), (1, 0, 0, 1), (1, 1, 0, 1)
(0, 0, 1, 0), (1, 0, 1, 0), (1, 0, 0, 1), (0, 1, 1, 1)
(0, 0, 1, 0), (1, 0, 1, 0), (1, 0, 0, 1), (1, 1, 1, 1)
(0, 0, 1, 0), (1, 0, 1, 0), (0, 1, 0, 1), (0, 0, 1, 1)
(0, 0, 1, 0), (1, 0, 1, 0), (0, 1, 0, 1), (1, 0, 1, 1)
(0, 0, 1, 0), (1, 0, 1, 0), (1, 1, 0, 1), (0, 0, 1, 1)
(0, 0, 1, 0), (1, 0, 1, 0), (1, 1, 0, 1), (1, 0, 1, 1)
(0, 0, 1, 0), (1, 0, 1, 0), (0, 0, 1, 1), (0, 1, 1, 1)
(0, 0, 1, 0), (1, 0, 1, 0), (0, 0, 1, 1), (1, 1, 1, 1)
(0, 0, 1, 0), (1, 0, 1, 0), (1, 0, 1, 1), (0, 1, 1, 1)
(0, 0, 1, 0), (1, 0, 1, 0), (1, 0, 1, 1), (1, 1, 1, 1)
(0, 0, 1, 0), (0, 1, 1, 0), (1, 1, 1, 0), (0, 0, 0, 1)
(0, 0, 1, 0), (0, 1, 1, 0), (1, 1, 1, 0), (1, 0, 0, 1)
(0, 0, 1, 0), (0, 1, 1, 0), (1, 1, 1, 0), (0, 1, 0, 1)
(0, 0, 1, 0), (0, 1, 1, 0), (1, 1, 1, 0), (1, 1, 0, 1)
(0, 0, 1, 0), (0, 1, 1, 0), (1, 1, 1, 0), (0, 0, 1, 1)
(0, 0, 1, 0), (0, 1, 1, 0), (1, 1, 1, 0), (1, 0, 1, 1)
(0, 0, 1, 0), (0, 1, 1, 0), (1, 1, 1, 0), (0, 1, 1, 1)
(0, 0, 1, 0), (0, 1, 1, 0), (1, 1, 1, 0), (1, 1, 1, 1)
(0, 0, 1, 0), (0, 1, 1, 0), (0, 0, 0, 1), (1, 0, 0, 1)
(0, 0, 1, 0), (0, 1, 1, 0), (0, 0, 0, 1), (1, 1, 0, 1)
(0, 0, 1, 0), (0, 1, 1, 0), (0, 0, 0, 1), (1, 0, 1, 1)
(0, 0, 1, 0), (0, 1, 1, 0), (0, 0, 0, 1), (1, 1, 1, 1)
(0, 0, 1, 0), (0, 1, 1, 0), (1, 0, 0, 1), (0, 1, 0, 1)
(0, 0, 1, 0), (0, 1, 1, 0), (1, 0, 0, 1), (0, 0, 1, 1)
(0, 0, 1, 0), (0, 1, 1, 0), (1, 0, 0, 1), (0, 1, 1, 1)
(0, 0, 1, 0), (0, 1, 1, 0), (0, 1, 0, 1), (1, 1, 0, 1)
(0, 0, 1, 0), (0, 1, 1, 0), (0, 1, 0, 1), (1, 0, 1, 1)
(0, 0, 1, 0), (0, 1, 1, 0), (0, 1, 0, 1), (1, 1, 1, 1)
(0, 0, 1, 0), (0, 1, 1, 0), (1, 1, 0, 1), (0, 0, 1, 1)
(0, 0, 1, 0), (0, 1, 1, 0), (1, 1, 0, 1), (0, 1, 1, 1)
(0, 0, 1, 0), (0, 1, 1, 0), (0, 0, 1, 1), (1, 0, 1, 1)
(0, 0, 1, 0), (0, 1, 1, 0), (0, 0, 1, 1), (1, 1, 1, 1)
(0, 0, 1, 0), (0, 1, 1, 0), (1, 0, 1, 1), (0, 1, 1, 1)
(0, 0, 1, 0), (0, 1, 1, 0), (0, 1, 1, 1), (1, 1, 1, 1)
(0, 0, 1, 0), (1, 1, 1, 0), (0, 0, 0, 1), (1, 0, 0, 1)
(0, 0, 1, 0), (1, 1, 1, 0), (0, 0, 0, 1), (0, 1, 0, 1)
(0, 0, 1, 0), (1, 1, 1, 0), (0, 0, 0, 1), (1, 0, 1, 1)
(0, 0, 1, 0), (1, 1, 1, 0), (0, 0, 0, 1), (0, 1, 1, 1)
(0, 0, 1, 0), (1, 1, 1, 0), (1, 0, 0, 1), (1, 1, 0, 1)
(0, 0, 1, 0), (1, 1, 1, 0), (1, 0, 0, 1), (0, 0, 1, 1)
(0, 0, 1, 0), (1, 1, 1, 0), (1, 0, 0, 1), (1, 1, 1, 1)
(0, 0, 1, 0), (1, 1, 1, 0), (0, 1, 0, 1), (1, 1, 0, 1)
(0, 0, 1, 0), (1, 1, 1, 0), (0, 1, 0, 1), (0, 0, 1, 1)
(0, 0, 1, 0), (1, 1, 1, 0), (0, 1, 0, 1), (1, 1, 1, 1)
(0, 0, 1, 0), (1, 1, 1, 0), (1, 1, 0, 1), (1, 0, 1, 1)
(0, 0, 1, 0), (1, 1, 1, 0), (1, 1, 0, 1), (0, 1, 1, 1)
(0, 0, 1, 0), (1, 1, 1, 0), (0, 0, 1, 1), (1, 0, 1, 1)
(0, 0, 1, 0), (1, 1, 1, 0), (0, 0, 1, 1), (0, 1, 1, 1)
(0, 0, 1, 0), (1, 1, 1, 0), (1, 0, 1, 1), (1, 1, 1, 1)
(0, 0, 1, 0), (1, 1, 1, 0), (0, 1, 1, 1), (1, 1, 1, 1)
(0, 0, 1, 0), (0, 0, 0, 1), (1, 0, 0, 1), (0, 1, 0, 1)
(0, 0, 1, 0), (0, 0, 0, 1), (1, 0, 0, 1), (1, 1, 0, 1)
(0, 0, 1, 0), (0, 0, 0, 1), (1, 0, 0, 1), (0, 1, 1, 1)
(0, 0, 1, 0), (0, 0, 0, 1), (1, 0, 0, 1), (1, 1, 1, 1)
(0, 0, 1, 0), (0, 0, 0, 1), (0, 1, 0, 1), (1, 1, 0, 1)
(0, 0, 1, 0), (0, 0, 0, 1), (0, 1, 0, 1), (1, 0, 1, 1)
(0, 0, 1, 0), (0, 0, 0, 1), (0, 1, 0, 1), (1, 1, 1, 1)
(0, 0, 1, 0), (0, 0, 0, 1), (1, 1, 0, 1), (1, 0, 1, 1)
(0, 0, 1, 0), (0, 0, 0, 1), (1, 1, 0, 1), (0, 1, 1, 1)
(0, 0, 1, 0), (0, 0, 0, 1), (1, 0, 1, 1), (0, 1, 1, 1)
(0, 0, 1, 0), (0, 0, 0, 1), (1, 0, 1, 1), (1, 1, 1, 1)
(0, 0, 1, 0), (0, 0, 0, 1), (0, 1, 1, 1), (1, 1, 1, 1)
(0, 0, 1, 0), (1, 0, 0, 1), (0, 1, 0, 1), (1, 1, 0, 1)
(0, 0, 1, 0), (1, 0, 0, 1), (0, 1, 0, 1), (0, 0, 1, 1)
(0, 0, 1, 0), (1, 0, 0, 1), (0, 1, 0, 1), (1, 1, 1, 1)
(0, 0, 1, 0), (1, 0, 0, 1), (1, 1, 0, 1), (0, 0, 1, 1)
(0, 0, 1, 0), (1, 0, 0, 1), (1, 1, 0, 1), (0, 1, 1, 1)
(0, 0, 1, 0), (1, 0, 0, 1), (0, 0, 1, 1), (0, 1, 1, 1)
(0, 0, 1, 0), (1, 0, 0, 1), (0, 0, 1, 1), (1, 1, 1, 1)
(0, 0, 1, 0), (1, 0, 0, 1), (0, 1, 1, 1), (1, 1, 1, 1)
(0, 0, 1, 0), (0, 1, 0, 1), (1, 1, 0, 1), (0, 0, 1, 1)
(0, 0, 1, 0), (0, 1, 0, 1), (1, 1, 0, 1), (1, 0, 1, 1)
(0, 0, 1, 0), (0, 1, 0, 1), (0, 0, 1, 1), (1, 0, 1, 1)
(0, 0, 1, 0), (0, 1, 0, 1), (0, 0, 1, 1), (1, 1, 1, 1)
(0, 0, 1, 0), (0, 1, 0, 1), (1, 0, 1, 1), (1, 1, 1, 1)
(0, 0, 1, 0), (1, 1, 0, 1), (0, 0, 1, 1), (1, 0, 1, 1)
(0, 0, 1, 0), (1, 1, 0, 1), (0, 0, 1, 1), (0, 1, 1, 1)
(0, 0, 1, 0), (1, 1, 0, 1), (1, 0, 1, 1), (0, 1, 1, 1)
(0, 0, 1, 0), (0, 0, 1, 1), (1, 0, 1, 1), (0, 1, 1, 1)
(0, 0, 1, 0), (0, 0, 1, 1), (1, 0, 1, 1), (1, 1, 1, 1)
(0, 0, 1, 0), (0, 0, 1, 1), (0, 1, 1, 1), (1, 1, 1, 1)
(0, 0, 1, 0), (1, 0, 1, 1), (0, 1, 1, 1), (1, 1, 1, 1)
(1, 0, 1, 0), (0, 1, 1, 0), (1, 1, 1, 0), (0, 0, 0, 1)
(1, 0, 1, 0), (0, 1, 1, 0), (1, 1, 1, 0), (1, 0, 0, 1)
(1, 0, 1, 0), (0, 1, 1, 0), (1, 1, 1, 0), (0, 1, 0, 1)
(1, 0, 1, 0), (0, 1, 1, 0), (1, 1, 1, 0), (1, 1, 0, 1)
(1, 0, 1, 0), (0, 1, 1, 0), (1, 1, 1, 0), (0, 0, 1, 1)
(1, 0, 1, 0), (0, 1, 1, 0), (1, 1, 1, 0), (1, 0, 1, 1)
(1, 0, 1, 0), (0, 1, 1, 0), (1, 1, 1, 0), (0, 1, 1, 1)
(1, 0, 1, 0), (0, 1, 1, 0), (1, 1, 1, 0), (1, 1, 1, 1)
(1, 0, 1, 0), (0, 1, 1, 0), (0, 0, 0, 1), (1, 0, 0, 1)
(1, 0, 1, 0), (0, 1, 1, 0), (0, 0, 0, 1), (0, 1, 0, 1)
(1, 0, 1, 0), (0, 1, 1, 0), (0, 0, 0, 1), (0, 0, 1, 1)
(1, 0, 1, 0), (0, 1, 1, 0), (0, 0, 0, 1), (1, 1, 1, 1)
(1, 0, 1, 0), (0, 1, 1, 0), (1, 0, 0, 1), (1, 1, 0, 1)
(1, 0, 1, 0), (0, 1, 1, 0), (1, 0, 0, 1), (1, 0, 1, 1)
(1, 0, 1, 0), (0, 1, 1, 0), (1, 0, 0, 1), (0, 1, 1, 1)
(1, 0, 1, 0), (0, 1, 1, 0), (0, 1, 0, 1), (1, 1, 0, 1)
(1, 0, 1, 0), (0, 1, 1, 0), (0, 1, 0, 1), (1, 0, 1, 1)
(1, 0, 1, 0), (0, 1, 1, 0), (0, 1, 0, 1), (0, 1, 1, 1)
(1, 0, 1, 0), (0, 1, 1, 0), (1, 1, 0, 1), (0, 0, 1, 1)
(1, 0, 1, 0), (0, 1, 1, 0), (1, 1, 0, 1), (1, 1, 1, 1)
(1, 0, 1, 0), (0, 1, 1, 0), (0, 0, 1, 1), (1, 0, 1, 1)
(1, 0, 1, 0), (0, 1, 1, 0), (0, 0, 1, 1), (0, 1, 1, 1)
(1, 0, 1, 0), (0, 1, 1, 0), (1, 0, 1, 1), (1, 1, 1, 1)
(1, 0, 1, 0), (0, 1, 1, 0), (0, 1, 1, 1), (1, 1, 1, 1)
(1, 0, 1, 0), (1, 1, 1, 0), (0, 0, 0, 1), (1, 0, 0, 1)
(1, 0, 1, 0), (1, 1, 1, 0), (0, 0, 0, 1), (1, 1, 0, 1)
(1, 0, 1, 0), (1, 1, 1, 0), (0, 0, 0, 1), (0, 0, 1, 1)
(1, 0, 1, 0), (1, 1, 1, 0), (0, 0, 0, 1), (0, 1, 1, 1)
(1, 0, 1, 0), (1, 1, 1, 0), (1, 0, 0, 1), (0, 1, 0, 1)
(1, 0, 1, 0), (1, 1, 1, 0), (1, 0, 0, 1), (1, 0, 1, 1)
(1, 0, 1, 0), (1, 1, 1, 0), (1, 0, 0, 1), (1, 1, 1, 1)
(1, 0, 1, 0), (1, 1, 1, 0), (0, 1, 0, 1), (1, 1, 0, 1)
(1, 0, 1, 0), (1, 1, 1, 0), (0, 1, 0, 1), (0, 0, 1, 1)
(1, 0, 1, 0), (1, 1, 1, 0), (0, 1, 0, 1), (0, 1, 1, 1)
(1, 0, 1, 0), (1, 1, 1, 0), (1, 1, 0, 1), (1, 0, 1, 1)
(1, 0, 1, 0), (1, 1, 1, 0), (1, 1, 0, 1), (1, 1, 1, 1)
(1, 0, 1, 0), (1, 1, 1, 0), (0, 0, 1, 1), (1, 0, 1, 1)
(1, 0, 1, 0), (1, 1, 1, 0), (0, 0, 1, 1), (1, 1, 1, 1)
(1, 0, 1, 0), (1, 1, 1, 0), (1, 0, 1, 1), (0, 1, 1, 1)
(1, 0, 1, 0), (1, 1, 1, 0), (0, 1, 1, 1), (1, 1, 1, 1)
(1, 0, 1, 0), (0, 0, 0, 1), (1, 0, 0, 1), (0, 1, 0, 1)
(1, 0, 1, 0), (0, 0, 0, 1), (1, 0, 0, 1), (1, 1, 0, 1)
(1, 0, 1, 0), (0, 0, 0, 1), (1, 0, 0, 1), (0, 1, 1, 1)
(1, 0, 1, 0), (0, 0, 0, 1), (1, 0, 0, 1), (1, 1, 1, 1)
(1, 0, 1, 0), (0, 0, 0, 1), (0, 1, 0, 1), (1, 1, 0, 1)
(1, 0, 1, 0), (0, 0, 0, 1), (0, 1, 0, 1), (0, 0, 1, 1)
(1, 0, 1, 0), (0, 0, 0, 1), (0, 1, 0, 1), (0, 1, 1, 1)
(1, 0, 1, 0), (0, 0, 0, 1), (1, 1, 0, 1), (0, 0, 1, 1)
(1, 0, 1, 0), (0, 0, 0, 1), (1, 1, 0, 1), (1, 1, 1, 1)
(1, 0, 1, 0), (0, 0, 0, 1), (0, 0, 1, 1), (0, 1, 1, 1)
(1, 0, 1, 0), (0, 0, 0, 1), (0, 0, 1, 1), (1, 1, 1, 1)
(1, 0, 1, 0), (0, 0, 0, 1), (0, 1, 1, 1), (1, 1, 1, 1)
(1, 0, 1, 0), (1, 0, 0, 1), (0, 1, 0, 1), (1, 1, 0, 1)
(1, 0, 1, 0), (1, 0, 0, 1), (0, 1, 0, 1), (1, 0, 1, 1)
(1, 0, 1, 0), (1, 0, 0, 1), (0, 1, 0, 1), (0, 1, 1, 1)
(1, 0, 1, 0), (1, 0, 0, 1), (1, 1, 0, 1), (1, 0, 1, 1)
(1, 0, 1, 0), (1, 0, 0, 1), (1, 1, 0, 1), (1, 1, 1, 1)
(1, 0, 1, 0), (1, 0, 0, 1), (1, 0, 1, 1), (0, 1, 1, 1)
(1, 0, 1, 0), (1, 0, 0, 1), (1, 0, 1, 1), (1, 1, 1, 1)
(1, 0, 1, 0), (1, 0, 0, 1), (0, 1, 1, 1), (1, 1, 1, 1)
(1, 0, 1, 0), (0, 1, 0, 1), (1, 1, 0, 1), (0, 0, 1, 1)
(1, 0, 1, 0), (0, 1, 0, 1), (1, 1, 0, 1), (1, 0, 1, 1)
(1, 0, 1, 0), (0, 1, 0, 1), (0, 0, 1, 1), (1, 0, 1, 1)
(1, 0, 1, 0), (0, 1, 0, 1), (0, 0, 1, 1), (0, 1, 1, 1)
(1, 0, 1, 0), (0, 1, 0, 1), (1, 0, 1, 1), (0, 1, 1, 1)
(1, 0, 1, 0), (1, 1, 0, 1), (0, 0, 1, 1), (1, 0, 1, 1)
(1, 0, 1, 0), (1, 1, 0, 1), (0, 0, 1, 1), (1, 1, 1, 1)
(1, 0, 1, 0), (1, 1, 0, 1), (1, 0, 1, 1), (1, 1, 1, 1)
(1, 0, 1, 0), (0, 0, 1, 1), (1, 0, 1, 1), (0, 1, 1, 1)
(1, 0, 1, 0), (0, 0, 1, 1), (1, 0, 1, 1), (1, 1, 1, 1)
(1, 0, 1, 0), (0, 0, 1, 1), (0, 1, 1, 1), (1, 1, 1, 1)
(1, 0, 1, 0), (1, 0, 1, 1), (0, 1, 1, 1), (1, 1, 1, 1)
(0, 1, 1, 0), (1, 1, 1, 0), (0, 0, 0, 1), (0, 1, 0, 1)
(0, 1, 1, 0), (1, 1, 1, 0), (0, 0, 0, 1), (1, 1, 0, 1)
(0, 1, 1, 0), (1, 1, 1, 0), (0, 0, 0, 1), (0, 0, 1, 1)
(0, 1, 1, 0), (1, 1, 1, 0), (0, 0, 0, 1), (1, 0, 1, 1)
(0, 1, 1, 0), (1, 1, 1, 0), (1, 0, 0, 1), (0, 1, 0, 1)
(0, 1, 1, 0), (1, 1, 1, 0), (1, 0, 0, 1), (1, 1, 0, 1)
(0, 1, 1, 0), (1, 1, 1, 0), (1, 0, 0, 1), (0, 0, 1, 1)
(0, 1, 1, 0), (1, 1, 1, 0), (1, 0, 0, 1), (1, 0, 1, 1)
(0, 1, 1, 0), (1, 1, 1, 0), (0, 1, 0, 1), (0, 1, 1, 1)
(0, 1, 1, 0), (1, 1, 1, 0), (0, 1, 0, 1), (1, 1, 1, 1)
(0, 1, 1, 0), (1, 1, 1, 0), (1, 1, 0, 1), (0, 1, 1, 1)
(0, 1, 1, 0), (1, 1, 1, 0), (1, 1, 0, 1), (1, 1, 1, 1)
(0, 1, 1, 0), (1, 1, 1, 0), (0, 0, 1, 1), (0, 1, 1, 1)
(0, 1, 1, 0), (1, 1, 1, 0), (0, 0, 1, 1), (1, 1, 1, 1)
(0, 1, 1, 0), (1, 1, 1, 0), (1, 0, 1, 1), (0, 1, 1, 1)
(0, 1, 1, 0), (1, 1, 1, 0), (1, 0, 1, 1), (1, 1, 1, 1)
(0, 1, 1, 0), (0, 0, 0, 1), (1, 0, 0, 1), (0, 1, 0, 1)
(0, 1, 1, 0), (0, 0, 0, 1), (1, 0, 0, 1), (1, 1, 0, 1)
(0, 1, 1, 0), (0, 0, 0, 1), (1, 0, 0, 1), (0, 0, 1, 1)
(0, 1, 1, 0), (0, 0, 0, 1), (1, 0, 0, 1), (1, 0, 1, 1)
(0, 1, 1, 0), (0, 0, 0, 1), (0, 1, 0, 1), (1, 1, 0, 1)
(0, 1, 1, 0), (0, 0, 0, 1), (0, 1, 0, 1), (1, 0, 1, 1)
(0, 1, 1, 0), (0, 0, 0, 1), (0, 1, 0, 1), (1, 1, 1, 1)
(0, 1, 1, 0), (0, 0, 0, 1), (1, 1, 0, 1), (0, 0, 1, 1)
(0, 1, 1, 0), (0, 0, 0, 1), (1, 1, 0, 1), (1, 1, 1, 1)
(0, 1, 1, 0), (0, 0, 0, 1), (0, 0, 1, 1), (1, 0, 1, 1)
(0, 1, 1, 0), (0, 0, 0, 1), (0, 0, 1, 1), (1, 1, 1, 1)
(0, 1, 1, 0), (0, 0, 0, 1), (1, 0, 1, 1), (1, 1, 1, 1)
(0, 1, 1, 0), (1, 0, 0, 1), (0, 1, 0, 1), (1, 1, 0, 1)
(0, 1, 1, 0), (1, 0, 0, 1), (0, 1, 0, 1), (1, 0, 1, 1)
(0, 1, 1, 0), (1, 0, 0, 1), (0, 1, 0, 1), (0, 1, 1, 1)
(0, 1, 1, 0), (1, 0, 0, 1), (1, 1, 0, 1), (0, 0, 1, 1)
(0, 1, 1, 0), (1, 0, 0, 1), (1, 1, 0, 1), (0, 1, 1, 1)
(0, 1, 1, 0), (1, 0, 0, 1), (0, 0, 1, 1), (1, 0, 1, 1)
(0, 1, 1, 0), (1, 0, 0, 1), (0, 0, 1, 1), (0, 1, 1, 1)
(0, 1, 1, 0), (1, 0, 0, 1), (1, 0, 1, 1), (0, 1, 1, 1)
(0, 1, 1, 0), (0, 1, 0, 1), (1, 1, 0, 1), (0, 1, 1, 1)
(0, 1, 1, 0), (0, 1, 0, 1), (1, 1, 0, 1), (1, 1, 1, 1)
(0, 1, 1, 0), (0, 1, 0, 1), (1, 0, 1, 1), (0, 1, 1, 1)
(0, 1, 1, 0), (0, 1, 0, 1), (1, 0, 1, 1), (1, 1, 1, 1)
(0, 1, 1, 0), (0, 1, 0, 1), (0, 1, 1, 1), (1, 1, 1, 1)
(0, 1, 1, 0), (1, 1, 0, 1), (0, 0, 1, 1), (0, 1, 1, 1)
(0, 1, 1, 0), (1, 1, 0, 1), (0, 0, 1, 1), (1, 1, 1, 1)
(0, 1, 1, 0), (1, 1, 0, 1), (0, 1, 1, 1), (1, 1, 1, 1)
(0, 1, 1, 0), (0, 0, 1, 1), (1, 0, 1, 1), (0, 1, 1, 1)
(0, 1, 1, 0), (0, 0, 1, 1), (1, 0, 1, 1), (1, 1, 1, 1)
(0, 1, 1, 0), (0, 0, 1, 1), (0, 1, 1, 1), (1, 1, 1, 1)
(0, 1, 1, 0), (1, 0, 1, 1), (0, 1, 1, 1), (1, 1, 1, 1)
(1, 1, 1, 0), (0, 0, 0, 1), (1, 0, 0, 1), (0, 1, 0, 1)
(1, 1, 1, 0), (0, 0, 0, 1), (1, 0, 0, 1), (1, 1, 0, 1)
(1, 1, 1, 0), (0, 0, 0, 1), (1, 0, 0, 1), (0, 0, 1, 1)
(1, 1, 1, 0), (0, 0, 0, 1), (1, 0, 0, 1), (1, 0, 1, 1)
(1, 1, 1, 0), (0, 0, 0, 1), (0, 1, 0, 1), (1, 1, 0, 1)
(1, 1, 1, 0), (0, 0, 0, 1), (0, 1, 0, 1), (0, 0, 1, 1)
(1, 1, 1, 0), (0, 0, 0, 1), (0, 1, 0, 1), (0, 1, 1, 1)
(1, 1, 1, 0), (0, 0, 0, 1), (1, 1, 0, 1), (1, 0, 1, 1)
(1, 1, 1, 0), (0, 0, 0, 1), (1, 1, 0, 1), (0, 1, 1, 1)
(1, 1, 1, 0), (0, 0, 0, 1), (0, 0, 1, 1), (1, 0, 1, 1)
(1, 1, 1, 0), (0, 0, 0, 1), (0, 0, 1, 1), (0, 1, 1, 1)
(1, 1, 1, 0), (0, 0, 0, 1), (1, 0, 1, 1), (0, 1, 1, 1)
(1, 1, 1, 0), (1, 0, 0, 1), (0, 1, 0, 1), (1, 1, 0, 1)
(1, 1, 1, 0), (1, 0, 0, 1), (0, 1, 0, 1), (0, 0, 1, 1)
(1, 1, 1, 0), (1, 0, 0, 1), (0, 1, 0, 1), (1, 1, 1, 1)
(1, 1, 1, 0), (1, 0, 0, 1), (1, 1, 0, 1), (1, 0, 1, 1)
(1, 1, 1, 0), (1, 0, 0, 1), (1, 1, 0, 1), (1, 1, 1, 1)
(1, 1, 1, 0), (1, 0, 0, 1), (0, 0, 1, 1), (1, 0, 1, 1)
(1, 1, 1, 0), (1, 0, 0, 1), (0, 0, 1, 1), (1, 1, 1, 1)
(1, 1, 1, 0), (1, 0, 0, 1), (1, 0, 1, 1), (1, 1, 1, 1)
(1, 1, 1, 0), (0, 1, 0, 1), (1, 1, 0, 1), (0, 1, 1, 1)
(1, 1, 1, 0), (0, 1, 0, 1), (1, 1, 0, 1), (1, 1, 1, 1)
(1, 1, 1, 0), (0, 1, 0, 1), (0, 0, 1, 1), (0, 1, 1, 1)
(1, 1, 1, 0), (0, 1, 0, 1), (0, 0, 1, 1), (1, 1, 1, 1)
(1, 1, 1, 0), (0, 1, 0, 1), (0, 1, 1, 1), (1, 1, 1, 1)
(1, 1, 1, 0), (1, 1, 0, 1), (1, 0, 1, 1), (0, 1, 1, 1)
(1, 1, 1, 0), (1, 1, 0, 1), (1, 0, 1, 1), (1, 1, 1, 1)
(1, 1, 1, 0), (1, 1, 0, 1), (0, 1, 1, 1), (1, 1, 1, 1)
(1, 1, 1, 0), (0, 0, 1, 1), (1, 0, 1, 1), (0, 1, 1, 1)
(1, 1, 1, 0), (0, 0, 1, 1), (1, 0, 1, 1), (1, 1, 1, 1)
(1, 1, 1, 0), (0, 0, 1, 1), (0, 1, 1, 1), (1, 1, 1, 1)
(1, 1, 1, 0), (1, 0, 1, 1), (0, 1, 1, 1), (1, 1, 1, 1)
(0, 0, 0, 1), (1, 0, 0, 1), (0, 1, 0, 1), (0, 0, 1, 1)
(0, 0, 0, 1), (1, 0, 0, 1), (0, 1, 0, 1), (1, 0, 1, 1)
(0, 0, 0, 1), (1, 0, 0, 1), (0, 1, 0, 1), (0, 1, 1, 1)
(0, 0, 0, 1), (1, 0, 0, 1), (0, 1, 0, 1), (1, 1, 1, 1)
(0, 0, 0, 1), (1, 0, 0, 1), (1, 1, 0, 1), (0, 0, 1, 1)
(0, 0, 0, 1), (1, 0, 0, 1), (1, 1, 0, 1), (1, 0, 1, 1)
(0, 0, 0, 1), (1, 0, 0, 1), (1, 1, 0, 1), (0, 1, 1, 1)
(0, 0, 0, 1), (1, 0, 0, 1), (1, 1, 0, 1), (1, 1, 1, 1)
(0, 0, 0, 1), (1, 0, 0, 1), (0, 0, 1, 1), (0, 1, 1, 1)
(0, 0, 0, 1), (1, 0, 0, 1), (0, 0, 1, 1), (1, 1, 1, 1)
(0, 0, 0, 1), (1, 0, 0, 1), (1, 0, 1, 1), (0, 1, 1, 1)
(0, 0, 0, 1), (1, 0, 0, 1), (1, 0, 1, 1), (1, 1, 1, 1)
(0, 0, 0, 1), (0, 1, 0, 1), (1, 1, 0, 1), (0, 0, 1, 1)
(0, 0, 0, 1), (0, 1, 0, 1), (1, 1, 0, 1), (1, 0, 1, 1)
(0, 0, 0, 1), (0, 1, 0, 1), (1, 1, 0, 1), (0, 1, 1, 1)
(0, 0, 0, 1), (0, 1, 0, 1), (1, 1, 0, 1), (1, 1, 1, 1)
(0, 0, 0, 1), (0, 1, 0, 1), (0, 0, 1, 1), (1, 0, 1, 1)
(0, 0, 0, 1), (0, 1, 0, 1), (0, 0, 1, 1), (1, 1, 1, 1)
(0, 0, 0, 1), (0, 1, 0, 1), (1, 0, 1, 1), (0, 1, 1, 1)
(0, 0, 0, 1), (0, 1, 0, 1), (0, 1, 1, 1), (1, 1, 1, 1)
(0, 0, 0, 1), (1, 1, 0, 1), (0, 0, 1, 1), (1, 0, 1, 1)
(0, 0, 0, 1), (1, 1, 0, 1), (0, 0, 1, 1), (0, 1, 1, 1)
(0, 0, 0, 1), (1, 1, 0, 1), (1, 0, 1, 1), (1, 1, 1, 1)
(0, 0, 0, 1), (1, 1, 0, 1), (0, 1, 1, 1), (1, 1, 1, 1)
(0, 0, 0, 1), (0, 0, 1, 1), (1, 0, 1, 1), (0, 1, 1, 1)
(0, 0, 0, 1), (0, 0, 1, 1), (1, 0, 1, 1), (1, 1, 1, 1)
(0, 0, 0, 1), (0, 0, 1, 1), (0, 1, 1, 1), (1, 1, 1, 1)
(0, 0, 0, 1), (1, 0, 1, 1), (0, 1, 1, 1), (1, 1, 1, 1)
(1, 0, 0, 1), (0, 1, 0, 1), (1, 1, 0, 1), (0, 0, 1, 1)
(1, 0, 0, 1), (0, 1, 0, 1), (1, 1, 0, 1), (1, 0, 1, 1)
(1, 0, 0, 1), (0, 1, 0, 1), (1, 1, 0, 1), (0, 1, 1, 1)
(1, 0, 0, 1), (0, 1, 0, 1), (1, 1, 0, 1), (1, 1, 1, 1)
(1, 0, 0, 1), (0, 1, 0, 1), (0, 0, 1, 1), (1, 0, 1, 1)
(1, 0, 0, 1), (0, 1, 0, 1), (0, 0, 1, 1), (0, 1, 1, 1)
(1, 0, 0, 1), (0, 1, 0, 1), (1, 0, 1, 1), (1, 1, 1, 1)
(1, 0, 0, 1), (0, 1, 0, 1), (0, 1, 1, 1), (1, 1, 1, 1)
(1, 0, 0, 1), (1, 1, 0, 1), (0, 0, 1, 1), (1, 0, 1, 1)
(1, 0, 0, 1), (1, 1, 0, 1), (0, 0, 1, 1), (1, 1, 1, 1)
(1, 0, 0, 1), (1, 1, 0, 1), (1, 0, 1, 1), (0, 1, 1, 1)
(1, 0, 0, 1), (1, 1, 0, 1), (0, 1, 1, 1), (1, 1, 1, 1)
(1, 0, 0, 1), (0, 0, 1, 1), (1, 0, 1, 1), (0, 1, 1, 1)
(1, 0, 0, 1), (0, 0, 1, 1), (1, 0, 1, 1), (1, 1, 1, 1)
(1, 0, 0, 1), (0, 0, 1, 1), (0, 1, 1, 1), (1, 1, 1, 1)
(1, 0, 0, 1), (1, 0, 1, 1), (0, 1, 1, 1), (1, 1, 1, 1)
(0, 1, 0, 1), (1, 1, 0, 1), (0, 0, 1, 1), (0, 1, 1, 1)
(0, 1, 0, 1), (1, 1, 0, 1), (0, 0, 1, 1), (1, 1, 1, 1)
(0, 1, 0, 1), (1, 1, 0, 1), (1, 0, 1, 1), (0, 1, 1, 1)
(0, 1, 0, 1), (1, 1, 0, 1), (1, 0, 1, 1), (1, 1, 1, 1)
(0, 1, 0, 1), (0, 0, 1, 1), (1, 0, 1, 1), (0, 1, 1, 1)
(0, 1, 0, 1), (0, 0, 1, 1), (1, 0, 1, 1), (1, 1, 1, 1)
(0, 1, 0, 1), (0, 0, 1, 1), (0, 1, 1, 1), (1, 1, 1, 1)
(0, 1, 0, 1), (1, 0, 1, 1), (0, 1, 1, 1), (1, 1, 1, 1)
(1, 1, 0, 1), (0, 0, 1, 1), (1, 0, 1, 1), (0, 1, 1, 1)
(1, 1, 0, 1), (0, 0, 1, 1), (1, 0, 1, 1), (1, 1, 1, 1)
(1, 1, 0, 1), (0, 0, 1, 1), (0, 1, 1, 1), (1, 1, 1, 1)
(1, 1, 0, 1), (1, 0, 1, 1), (0, 1, 1, 1), (1, 1, 1, 1)


